Загружаю датасет
Размер датасета: (46457562, 66)
Целевая колонка: target_return_1
Количество признаков: 44
Первые признаки: ['is_imputed', 'hour', 'minute', 'minute_from_midnight', 'day_of_week', 'day_of_month', 'month', 'days_in_month', 'is_month_start', 'is_month_end']
Train: (28231948, 66)
Valid: (6670047, 66)
Test:  (11555567, 66)

Наивный прогноз на valid
MAE:                 0.00052701
RMSE:                0.00095793
R2:                  -0.00000119
Correlation:         undefined
Direction accuracy:  0.2997
Pred mean:           0.00000000
Pred std:            0.00000000
True mean:           -0.00000104
True std:            0.00095793

Ridge alpha=1.0 на valid
MAE:                 0.00053537
RMSE:                0.00095081
R2:                  0.01480630
Correlation:         0.12265134
Direction accuracy:  0.4002
Pred mean:           0.00000057
Pred std:            0.00013215
True mean:           -0.00000104
True std:            0.00095793

Анализ по группам прогноза:
                         count   mean_pred   mean_true  median_true  positive_share  mean_pred_bp  mean_true_bp  median_true_bp
bucket                                                                                                                         
(-0.0144, -0.000114]    667005 -0.00019760 -0.00019375   0.00000000      0.30624208   -1.97601133   -1.93752886      0.00000000
(-0.000114, -7.25e-05]  667005 -0.00009055 -0.00009504   0.00000000      0.30078485   -0.90553341   -0.95035273      0.00000000
(-7.25e-05, -4.85e-05]  667004 -0.00005981 -0.00006368   0.00000000      0.29291279   -0.59806259   -0.63682349      0.00000000
(-4.85e-05, -3.02e-05]  667005 -0.00003909 -0.00004496   0.00000000      0.28703083   -0.39085243   -0.44962903      0.00000000
(-3.02e-05, -1.43e-05]  667005 -0.00002214 -0.00002629   0.00000000      0.27897392   -0.22140333   -0.26288480      0.00000000
(-1.43e-05, 2.59e-06]   667004 -0.00000614 -0.00000816   0.00000000      0.28912720   -0.06141632   -0.08159849      0.00000000
(2.59e-06, 2.69e-05]    667005  0.00001378  0.00001542   0.00000000      0.35336917    0.13780685    0.15420145      0.00000000
(2.69e-05, 6.73e-05]    667004  0.00004539  0.00005252   0.00000000      0.42765711    0.45391989    0.52521024      0.00000000
(6.73e-05, 0.000139]    667005  0.00009911  0.00010675   0.00000000      0.46428587    0.99113204    1.06745927      0.00000000
(0.000139, 0.0153]      667005  0.00026279  0.00024676   0.00010049      0.50645048    2.62789306    2.46760657      1.00487364

Анализ long-сигналов по порогам прогноза:
 threshold_bp   count  mean_true_bp  median_true_bp  positive_share  mean_net_bp  median_net_bp
     0.500000 1579372      1.592898        0.000000        0.478955    -0.407102      -2.000000
     1.000000  972639      2.093679        0.000000        0.495887     0.093679      -2.000000
     1.500000  603728      2.567224        1.144885        0.509198     0.567224      -0.855115
     2.000000  380937      3.022758        1.594642        0.521540     1.022758      -0.405358
     2.500000  246681      3.454442        2.085941        0.532027     1.454442       0.085941
     3.000000  162797      3.781813        2.760652        0.539703     1.781813       0.760652

Простой backtest: valid
 threshold_bp  cost_bp  signals  active_minutes  avg_signals_per_minute  mean_gross_bp  mean_net_bp  win_rate_net     total_return_pct  max_drawdown_pct
     1.500000 2.000000   603728          120467                5.011563       2.567224     0.567224      0.469602  613668039291.477173         -4.460506
     2.000000 2.000000   380937          103425                3.683220       3.022758     1.022758      0.487480 9274035279513.396484         -4.357919
     2.500000 2.000000   246681           83677                2.948014       3.454442     1.454442      0.502061 4342617359948.176758         -6.148494
     3.000000 2.000000   162797           64700                2.516182       3.781813     1.781813      0.513062  124515986996.696014         -6.943761

Ridge alpha=1.0 на test
MAE:                 0.00038586
RMSE:                0.00069437
R2:                  0.02332316
Correlation:         0.15369129
Direction accuracy:  0.3663
Pred mean:           -0.00000900
Pred std:            0.00009924
True mean:           -0.00000061
True std:            0.00070261

Анализ по группам прогноза:
                          count   mean_pred   mean_true  median_true  positive_share  mean_pred_bp  mean_true_bp  median_true_bp
bucket                                                                                                                          
(-0.0121, -9.71e-05]    1155557 -0.00015717 -0.00016809   0.00000000      0.25273007   -1.57171017   -1.68089350      0.00000000
(-9.71e-05, -6.63e-05]  1155557 -0.00007998 -0.00008344   0.00000000      0.25222901   -0.79975458   -0.83435982      0.00000000
(-6.63e-05, -4.72e-05]  1155556 -0.00005621 -0.00005987   0.00000000      0.25242567   -0.56214111   -0.59874042      0.00000000
(-4.72e-05, -3.22e-05]  1155557 -0.00003946 -0.00004312   0.00000000      0.25157305   -0.39463190   -0.43121746      0.00000000
(-3.22e-05, -1.9e-05]   1155557 -0.00002551 -0.00002858   0.00000000      0.25002228   -0.25508590   -0.28578564      0.00000000
(-1.9e-05, -5.65e-06]   1155556 -0.00001245 -0.00001286   0.00000000      0.25863307   -0.12448831   -0.12864102      0.00000000
(-5.65e-06, 1.18e-05]   1155557  0.00000247  0.00000715   0.00000000      0.30099251    0.02470191    0.07147562      0.00000000
(1.18e-05, 4.07e-05]    1155556  0.00002482  0.00004354   0.00000000      0.37949351    0.24821562    0.43540457      0.00000000
(4.07e-05, 9.59e-05]    1155557  0.00006495  0.00010182   0.00000000      0.44333685    0.64950982    1.01824700      0.00000000
(9.59e-05, 0.00955]     1155557  0.00018849  0.00023740   0.00000000      0.48739526    1.88494523    2.37395534      0.00000000

Анализ long-сигналов по порогам прогноза:
 threshold_bp  count  mean_true_bp  median_true_bp  positive_share  mean_net_bp  median_net_bp
     1.500000 600456      2.985513        0.753807        0.502030     0.985513      -1.246193
     2.000000 339863      3.528099        1.527184        0.514690     1.528099      -0.472816
     2.500000 201541      3.994893        1.914975        0.526345     1.994893      -0.085025
     3.000000 124033      4.399817        2.378040        0.535293     2.399817       0.378040

Простой backtest: test
 threshold_bp  cost_bp  signals  active_minutes  avg_signals_per_minute  mean_gross_bp  mean_net_bp  win_rate_net         total_return_pct  max_drawdown_pct
     1.500000 2.000000   600456          183624                3.270030       2.985513     0.985513      0.462802 16062340073240462.000000         -5.191702
     2.000000 2.000000   339863          140075                2.426293       3.528099     1.528099      0.481609 32809898798016288.000000         -6.677236
     2.500000 2.000000   201541          100312                2.009141       3.994893     1.994893      0.497561   354781119400171.750000         -7.848310
     3.000000 2.000000   124033           69358                1.788301       4.399817     2.399817      0.509211      727179253909.001709        -12.470168

Top-K портфельный backtest: valid
 threshold_bp  max_positions  cost_bp  signals  active_minutes  mean_net_bp  median_net_bp  win_rate_minute          total_return_pct  log_total_return  max_drawdown_pct  avg_positions_per_active_minute
     2.000000              1 2.000000   103425          103425     3.401969       1.426613         0.527406 161517619306634528.000000         35.018220        -11.347323                         1.000000
     2.000000              3 2.000000   220128          103425     2.801217       1.971406         0.578700    352822226448266.625000         28.891815         -4.019584                         2.128383
     2.000000              5 2.000000   274258          103425     2.624838       1.803558         0.574735     57437474909245.945312         27.076548         -4.155772                         2.651757
     2.500000              1 2.000000    83677           83677     3.671005       1.759398         0.534771   1877155637733166.750000         30.563364        -11.264052                         1.000000
     2.500000              3 2.000000   158018           83677     3.198782       2.154549         0.571782     38628502134694.765625         26.679841         -6.104607                         1.888428
     2.500000              5 2.000000   187952           83677     3.072653       2.014224         0.569440     13532470895904.777344         25.630943         -6.148494                         2.246161
     3.000000              1 2.000000    64700           64700     3.891693       1.982477         0.540804      7497891558776.890625         25.040473        -11.716022                         1.000000
     3.000000              3 2.000000   111162           64700     3.470918       2.230118         0.565070       518383059432.084656         22.368810         -7.079870                         1.718114
     3.000000              5 2.000000   128634           64700     3.364470       2.144219         0.562875       261667563330.477234         21.685171         -6.962410                         1.988161

Top-K портфельный backtest: test
 threshold_bp  max_positions  cost_bp  signals  active_minutes  mean_net_bp  median_net_bp  win_rate_minute            total_return_pct  log_total_return  max_drawdown_pct  avg_positions_per_active_minute
     2.000000              1 2.000000   140075          140075     2.906569       0.088119         0.502052 40919244029836124160.000000         40.552962        -10.659888                         1.000000
     2.000000              3 2.000000   249120          140075     2.513311       1.184037         0.546207   178008979850192768.000000         35.115440         -6.439601                         1.778476
     2.000000              5 2.000000   284152          140075     2.448226       1.129572         0.546072    71832245443785104.000000         34.207940         -6.209916                         2.028570
     2.500000              1 2.000000   100312          100312     3.277267       0.637826         0.513787    16453819085215368.000000         32.734164        -11.767910                         1.000000
     2.500000              3 2.000000   156918          100312     2.974508       1.420965         0.544342      826514892910148.875000         29.743069         -7.683983                         1.564299
     2.500000              5 2.000000   172902          100312     2.933594       1.385426         0.544501      549643778692049.125000         29.335121         -7.485695                         1.723642
     3.000000              1 2.000000    69358           69358     3.603008       1.197953         0.523645        6323115665350.782227         24.870063        -14.045673                         1.000000
     3.000000              3 2.000000    99456           69358     3.358235       1.668907         0.545042        1194619327341.329102         23.203679        -12.272311                         1.433951
     3.000000              5 2.000000   107689           69358     3.325540       1.640482         0.545301         953848980599.745972         22.978601        -12.313726                         1.552654
